47.3226810217
186.241495588
115.752417246
190.769727973
5.84706370773
80.4209720898
251.772787462
251.772787462
251.772787462
62.3390978379
67.2180578861
21.3981282666
21.3233708321
244.962424568
251.483105443
251.483105443
211.880255460
4.05620759434
30.0351862016
230.402971598
125.290591435
26.6784550637
204.434340653
248.678452333
251.191794203
251.191794203
201.252944382
35.1914464343
20.4963149733
74.0609472001
243.275132262
250.898862935
250.834547766
72.8200537364
0.00943943996160
150.425059922
248.933963910
250.898861465
250.898861465
250.898861465
171.008606759
21.3084060758
0.0210016336736
59.3360636719
237.703706442
249.419472010
250.604302611
250.604304079
250.604302611
207.474768763
10.0904188120
0.0247094564305
229.699359601
250.604302611
250.604302611
250.604302611
250.084180113
148.979816131
1.64793211834
115.961971650
206.289175878
222.275743590
250.308123830
250.308123830
250.308123830
250.308125297
250.308123830
250.308123830
104.228891815
122.728803099
34.8545324681
238.671627905
250.308123830
250.308123830
250.308123830
250.308125297
250.308123830
75.8182825537
35.7541074894
197.653066139
250.010328155
250.010326690
250.010326690
250.010326690
250.010326690
250.010328155
250.010326690
250.010326690
246.261680816
250.010326690
238.537698577
250.010326690
250.010326690
250.010326690
250.010326690
250.010328155
250.010326690
209.232910767
110.591538713
38.4940725784
27.6215100794
211.209690353
249.710908163
249.710909626
249.710908163
249.710908163
249.710908163
249.710908163
249.710909626
249.710908163
249.710908163
249.710908163
249.710908163
249.710909626
249.710908163
249.710908163
249.710908163
249.710908163
249.710909626
249.710908163
249.710908163
249.710908163
225.830608751
47.0342194423
78.3694221065
249.409875987
249.409875987
249.409877448
249.409875987
249.409875987
249.409875987
249.409875987
249.409877448
249.409875987
249.409875987
249.409875987
249.409875987
249.409877448
249.409875987
249.409875987
249.409875987
249.409875987
249.409877448
249.409875987
249.409875987
249.409875987
249.409875987
166.408629174
18.2597640215
57.7462838171
224.086309349
249.107225626
249.107225626
249.107227086
249.107225626
249.107225626
249.107225626
249.107225626
249.107227086
249.107225626
249.107225626
249.107225626
249.107225626
249.107227086
249.107225626
249.107225626
249.107225626
249.107225626
249.107227086
249.107225626
249.107225626
249.107225626
249.107225626
249.107227086
141.224617851
118.670738995
248.802963295
248.802963296
248.802963295
248.802964753
248.802963296
248.802963296
248.802963295
248.802963296
248.802964753
248.802963295
248.802963295
248.802963296
248.802963295
248.802964753
248.802963296
248.802963295
248.802963296
248.802963295
248.802964753
248.802963295
248.802963296
248.802963295
248.802963296
248.802964753
158.731661565
138.854980723
248.497090609
248.497090609
248.497090609
248.497092065
248.497090609
248.497090609
248.497090609
248.497090609
248.497092065
248.497090609
248.497090609
248.497090609
248.497090609
248.497092065
248.497090609
248.497090609
248.497090609
248.497090609
248.497092065
248.497090609
248.497090609
248.497090609
248.497090609
248.497092065
212.978164395
24.8007500905
1.70103847049
191.710484121
248.189604618
248.189604618
248.189604618
248.189606072
248.189604618
248.189604618
248.189604618
248.189604618
248.189606072
248.189604618
248.189604618
248.189604618
248.189604618
248.189606072
248.189604618
248.189604618
248.189604618
248.189604618
248.189606072
248.189604618
248.189604618
248.189604618
248.189604618
242.219071065
44.8822136540
164.528976100
247.880513070
247.880513070
247.880513070
247.880514522
247.880513070
247.880513070
247.880513070
247.880513070
247.880514522
245.348938527
211.528227340
235.419789926
239.724532788
247.880514522
247.880513070
247.880513070
247.880513070
247.880513070
247.880514522
247.880513070
247.880513070
247.880513070
247.880513070
247.880514522
93.8422441889
32.2311543184
199.485041370
247.569811520
247.569811520
247.569811520
247.569812970
247.569811520
155.713901303
125.719238229
145.708278932
149.937815962
88.1962806893
2.67408268450
21.7505239413
23.9689161666
230.728395850
247.530890538
247.569811520
247.569811520
247.569811520
247.569812970
247.569811520
247.569811520
247.569811520
247.569811520
247.569812970
238.939077044
72.0265189017
11.1420465450
107.244951119
247.257506201
247.257506201
247.257506201
247.257506201
247.257507649
247.257506201
87.8250970314
11.7412248111
86.5267824971
219.309471419
247.257506201
247.257506201
247.257507649
247.257506201
247.257506201
247.257506201
247.257506201
247.257507649
247.257506201
247.257506201
144.449752453
47.1999349298
246.943598778
246.943598777
246.943598777
246.943598777
246.943600224
189.233600963
99.4556193463
160.870622262
246.943598777
246.943598777
246.943600224
246.943598777
246.943598777
246.943598777
246.943598778
246.943600224
246.943598777
246.943598777
242.372699077
71.4869366276
106.643488287
246.628086379
246.628086379
246.628086379
246.628086379
93.4117011990
12.5959067794
19.8623430130
233.095996497
246.628086379
246.628086379
246.628087824
246.628086379
246.628086379
246.628086379
246.628086379
246.628087824
246.628086379
246.628086379
246.628086379
43.5845283887
57.3507923386
234.205033263
246.310976766
246.310976765
246.310976765
246.310976765
45.3394775281
59.6928743682
246.310976765
246.310976765
246.310976765
246.310978208
246.310976765
246.310976765
246.310976765
246.310976766
246.310978208
246.310976765
246.310976765
246.303147475
42.4433517499
18.7347615767
222.865807657
245.992267019
245.992265578
245.992265578
245.992265578
244.184826025
75.8235949496
168.278608714
245.992265578
245.992265578
245.992265578
245.992267019
245.992265578
245.992265578
245.992265578
245.992265578
245.992267019
245.992265578
245.992265578
245.992265578
183.696167826
2.15933126560
150.367012285
245.671959073
245.671960512
245.671959073
245.671959073
245.671959073
161.665317070
222.342668537
245.671959073
245.671959073
245.671959073
245.671960512
245.671959073
245.671959073
245.671959073
245.671959073
245.671960512
245.671959073
245.671959073
245.671959073
245.671959073
230.968728318
144.665440864
62.6991599826
51.5633280719
203.075353825
245.350060401
245.350058964
245.350058963
245.350058963
101.480397600
134.362282653
245.350058963
245.350058963
245.350058963
245.350060401
245.350058963
245.350058963
245.350058963
245.350058964
245.350060401
245.350058963
245.350058963
245.350058963
245.350058964
245.350060401
245.350058963
123.247108643
20.3799523677
240.991330427
245.026562458
245.026562458
245.026562458
199.968593603
18.5138721628
2.62959211201
196.993949506
245.026562458
245.026562458
245.026563893
245.026562458
245.026562458
245.026562458
245.026562458
245.026563893
245.026562458
245.026562458
245.026562458
202.163713428
87.0248889150
102.959634106
114.265262630
3.42545167125
240.491815010
244.701477327
244.701477327
244.701477327
244.701477327
76.3485431991
70.5818620498
242.131297849
244.701477327
244.701478760
244.701477327
244.701477327
244.701477327
244.701477327
244.701478760
244.701477327
244.701477327
244.701477327
72.3169834150
180.721018001
244.374799301
244.374799301
244.374799301
244.374799301
195.252177063
169.549991187
244.374799301
244.374800733
244.374799301
244.374799301
244.374799301
244.374799301
244.374800733
244.374799301
244.374799301
243.518190321
52.0569705723
175.104057186
244.046534658
244.046534658
244.046534658
244.046534658
174.357173572
107.529316282
244.046534658
244.046536087
244.046534658
244.046534658
244.046534658
244.046534658
244.046536087
244.046534658
244.046534658
194.770706867
154.201116336
243.716685159
243.716685159
243.716685159
243.716685159
138.962103152
31.4290951217
184.128416118
243.716686587
225.378807876
38.1291410137
215.613618670
243.716685159
243.716686587
243.716685159
243.716685159
223.513378949
61.0241709776
58.4490115437
243.385248095
243.385248094
243.385248094
243.385248094
171.567321377
91.3166392694
195.097645371
121.769063684
49.4711190742
198.285206012
243.385249520
240.059147788
225.769809851
228.563050139
173.262246838
149.501814860
23.2424206397
226.238728830
243.052231244
243.052231244
243.052231244
185.345325888
145.874391288
233.662345701
79.0107571310
57.1530212642
54.6235413863
0.0469341061316
49.7404099317
4.29673153325
220.649952305
242.717630430
242.717630430
242.717630430
190.023806100
11.2860748734
44.1472602808
214.215106127
242.381451948
242.381451948
242.381451948
167.284700240
39.0465518051
241.813795818
242.043697611
242.043697611
222.469427442
22.2296478898
84.0260471768
236.416242065
241.704364790
241.704364790
103.851116512
44.3605925553
172.315807523
163.997254268
5.64056211895
