5372.638489251
6324.44163692
6072.0807622
6355.01569855
6355.703132680001
6372.14894289
5723.1154407369995
6509.883610569999
6524.527764959999
6053.13647573
6298.26762409
5442.615227271999
4492.069260209
5595.113619795
6219.61096154
6792.442100779999
6354.84520292
3014.2721554480004
4998.99670338
5929.211906234999
6758.80626365
6799.01986564
5430.58651659
3812.9094222480003
5048.5360312038
1897.57378166
1032.91729573
5081.708668237299
2521.209873547
5819.681809023999
6297.559296494999
6338.30890869
0.0
2317.45165761
69.7083227343
5032.065997109999
6561.94786565
6502.139979508
5289.834118069
6222.194431149999
6390.146997051999
0.0
1702.81454487
4529.623725374
0.0
5514.444021705
6381.501154580001
7152.59560401
6610.578479060001
3386.9494799990002
833.899938427
6516.6516092560005
6623.820336146
6556.89213747
5787.423326234
5117.086497586
5275.38810476
6089.2987105699995
6959.6422250900005
7100.61349635
5655.98430422
3969.3636089620004
2648.1971265782
1965.40977118
1108.14762675
298.869467424
0.0
0.0
0.0
6863.4859796499995
6769.726012380001
0.0
6657.2818623719995
6872.44165884
6874.12696606
6385.95921983
0.770054422995
6889.00800256
4183.996133394
6459.2552352202
6887.1407658318
5377.050753906
6917.953495306
6983.8593328199995
7028.5053929881
6607.86817118
5792.722466464
5140.6614444551
5660.6093618370005
6542.0125187700005
7318.012374960001
6813.7856037500005
5221.74607816
3560.5599079289996
2305.411401862
1501.75962016
634.221986704
14.5136631639
0.0
0.0
0.0
0.0
4574.87239811605
5812.178945978
6860.7349719548
7003.188576803
7039.3637807899995
7181.803994731001
6949.2072789799995
6151.41852248
5381.028239651001
5403.129425683999
5867.6375783700005
4171.551358705
2718.2303325619
1771.68601137
899.116681214
150.634923321
0.0
0.0
0.0
0.0
4501.425219691
4451.693084438
7321.1019154099995
7476.04610665
0.0
7452.61586258
6436.70002937
0.0
6892.44591701
0.0
4757.515663184
5030.398455697799
6189.450234133
7157.567829383001
7492.097781183
7510.52958407
7568.411060996999
6954.82502111
6156.92246734
5478.2766692644
3785.0821513389997
2353.656826782
1291.09086215
446.813289362
0.0
0.0
0.0
6071.42791537
6945.0466516999995
5453.01731076
6827.66931747
6252.01930057
4906.323712546
5758.690689522
6910.907553810999
7515.1581411259995
7647.13500371
7648.347465339999
7283.626433924101
6520.691593150001
1569.4379665036
38.5634560414
5546.717367841
5339.379502350001
0.0
5659.0939119006
0.0
0.0
5792.996107360001
6742.68515582
6078.819901729999
4996.530244623999
6611.8889321
5902.2547161576
5825.657672499699
5532.001404940001
5911.2304090255
6737.261800190001
0.0
6255.37476619
7025.73557684
0.0
2670.641475217
531.683824897
2295.122069948
7432.06381263
0.0
0.0
5818.913534311
4276.727714457
6391.2819031300005
0.0
852.372516071
7077.813254669999
7087.628762189999
6668.19619637
5723.9083944918
5408.4384322639
6212.891275129001
7388.334309849999
8195.079781260001
8251.07393667
8006.106179485
0.0
278.901554758
0.0
6615.97842984
3656.7748598522003
6527.92022942
0.0
2440.962959079
7161.08342966957
7045.37708722
6187.3407839
5569.660530194
5817.5098574686
6971.95429738
8142.03691814
8450.70712002
8197.843625647
6374.762838
2213.999075939
1018.5089903971
82.747959393
7563.957374488001
6730.7752871600005
6495.24522309492
0.0
6180.674502424999
4243.6158897059995
7766.083619345001
6414.515115921
6976.950287488
7104.623456282499
6375.98278183
5962.150808135
6229.2033885528
7432.4535850249995
8669.34374447
8912.0118534
8487.32827093
8271.67105137
6867.4421833100005
6787.976727972001
7259.136959498
6765.684822294401
6096.207415
6033.4793515223
6955.922907291
8303.0088747
8956.68922838
6157.022074895
5977.992901056001
6120.015768040001
8713.29913688
8272.408370672
7731.588504604
8675.81686442
9211.20736505
8943.634573430001
6881.816635997
6325.120396517799
7315.774234529999
7759.458635474
7209.215768386999
6400.1679966970005
6261.1060706056
7239.2675823471
6507.16485947
7182.23742028
7767.721298961
7726.827728639
6792.814690472
6352.322333341001
6734.1410607655
6512.58585655
6638.380424583
9108.566496970001
8399.382599224202
9214.98595662253
7148.915698637001
9327.394255554
6928.615652869999
7222.819648008999
7775.83436481
8362.03554276
8350.60959679
7402.806815459999
6919.370432972
7171.7715615332
8775.327233128
6753.79658193
8733.699466281
6918.56475379
7099.918056204
7640.303514191
8246.41371658
8643.00815275
7993.958175989999
7203.917339636
7032.2200013722995
8340.310495475
9343.88968336
6333.45533285
6714.03346051
7131.729728888899
7960.900180224
8769.2414876
9229.59976321
8626.97663118
7849.0163516289995
7644.113935928199
8839.698397824
8952.579839778002
6809.90914317
7543.366948577001
8477.42215893
9209.68574424
9159.51357874
8234.2152858103
7824.177498096
6299.08539011
8367.382407942
5795.572815760001
8688.482750728901
5567.416221954
5933.814237961001
6319.13563978
7108.092679055
8235.20785974
9320.570776749999
9606.03816608
8766.0289487897
8403.259805753
9297.988200626001
5325.957151377
5660.641064207
6034.33431691
6560.9052697669995
7619.493909019
8773.67112854
9638.73913064
9225.60148893
8611.049618522
8500.25399746322
8883.9896192532
4998.99666202
4998.99663634
5021.2634579057
5239.801346253
5555.992646462
6055.862819275
7120.591170149001
8316.226539680001
9293.16526785
9137.00309096
8810.669298786
8976.4548723773
4998.9966249
4998.99668336
5064.2869333625
5316.440871267
5648.667295141
6500.8720404509995
7675.068080440001
8833.68963144
9248.620167370002
8834.5633932985
8806.645000457
4998.99664372
4998.99663682
4990.12821981
8603.022645824001
8831.032401847002
4998.99678418
5017.5267900592
5231.253821758
6017.537427931001
7167.897382921
8335.741189940001
8834.71719297
4998.9966785
8847.403006938
8630.888397422
4998.99677634
5058.8420231751
5496.553824279
6534.443268223999
7719.720768560001
8684.359569600001
4998.9966407
8492.471286728298
4998.99677364
8786.213174824
4998.99672692
4998.9967744
4998.99677654
8630.809720173998
8474.22482199
4998.99680398
5197.9238002995
6112.235613267
7237.797400344001
8303.66387681
4998.99677642
5004.3987029485
5600.4475472029
6642.79533341
7767.242315923
8474.9899133
8515.405004889999
4998.9967655
8548.7860717
4998.9967088
4998.99672362
4998.9967994
5002.69558967271
5538.358530084999
6347.3207291645
7607.8438369840005
8739.638897974
8748.614057172
4998.99672972
4998.99676504
5241.591491191
5971.2084429120005
6937.701830029
8337.470384541
8703.053151368
4998.9967952
4998.99665788
4998.99673972
4998.99677924
4998.99679704
5235.549443004
5962.861097257
7197.400534971
8836.9992815
8979.759797238301
4998.99675364
5027.375329185899
5614.447213693
6615.372787185
8156.472162495999
9015.474989119999
4931.33174847
9059.271528277
9413.61956575
4506.70175253
4685.4593743099995
4839.303091870001
4981.5589509444
5606.75083715
6959.444346691
8591.0416128
9085.885964932999
4491.36634497
4671.64329672
4827.75761936
5247.5716521449995
6347.739282905
7980.470650550001
9379.61497837
9310.60781540782
9248.4793072594
3893.09019425
532.889003178
850.193625433
258.162401497
532.0678449010001
1277.178597133
3756.56837399
3419.2706901600004
2273.463168738
3912.91504068
4127.03815297
4333.33388314
4846.4804443649
6423.142547573
8267.113683810001
9775.04099275
9232.2388609915
197.800138343
751.7493536669999
1690.932781751
2675.08980225
3442.264052501
3678.24627855
3895.86816696
4110.24722442
4377.971271612
5616.023187455001
7457.72829252
9194.22720917
9621.2096612
9170.807601289998
1.83588181159
11922.673506930001
11727.4499789
0.0
0.0
11530.26940155
11342.631602910002
9083.116132389
9503.8849815945
11403.977254
9245.75516231
0.0
0.0
0.0
356.47330538899996
1188.6001713722
2114.108680145
2864.137191441
3090.3174271020002
3293.957740678
3506.27020865
3873.5255889682003
5436.845231873001
7348.0273287400005
9005.172435659999
8937.978217879
10563.348441070999
11484.106884499999
0.0
11117.7388973
0.0
99.8149589818
740.63198399939
1617.6113900417
2467.965531557
2887.125964214
3075.444840021
3278.0625603149997
3489.700899093
4609.078427869001
6463.6973456999995
8291.90595938
9259.39081731
8888.3470687721
8890.627335736
10026.837751257
11031.72555446
11291.85172585
11373.791408879999
10245.535384063
0.0
11006.74265383
0.0
8849.35205365
9120.292661956999
10164.889458858
10736.284523007002
10401.818199344
9294.553166679001
7221.2902447704
8355.840843564
75.0882413046
695.119137656
1487.24251519
2212.82963736
2512.4110160411
2610.907150197
2754.716810292
3109.239925092
4432.184308046
6282.997907086001
7934.18171352
8687.570284039999
8363.1892886856
8559.320323839
8905.175303586
9691.115548269
10481.496975217
10610.27580462
10316.736527799001
0.0
0.0
1122.32245148
1906.36263336
2473.16470293
2508.127772981
2601.8654307640004
2768.0174972156
3690.579049165
5423.102724089
7211.310093081
8305.315757119999
8409.277434980002
8359.430185984
8676.679940279
9112.330512777498
10123.401302154
10383.631290439998
10402.405294266999
9762.96906678
8693.333070949
7480.402818349
6808.882994338999
0.0
0.0
0.0
7067.6847445205
0.0
0.0
7969.348114331
0.0
0.0
6478.566092520001
7722.507939016001
131.967270824
0.0
0.0
6649.895206044001
351.056113051
1075.78723075
1863.66900102
2454.49981461
2499.49840824
2499.49841676
2785.954161535
3725.7982655153
5357.916375341
6840.524454654999
7734.696671639001
7899.644251272401
8095.53836709
8414.407105507998
8738.993276116
9212.380467056
9354.38065712
9206.631712951
8601.22196831
7627.728643814
7210.375279845999
1513.45414485
2232.58066795
2499.49838344
2499.49840811
2591.0562350218
3315.157172788
4643.942702959401
6239.672198328999
7257.568834205
7879.878400295
7928.991205634
8232.245467354001
8524.087868824
8889.25882578
9056.63629524
9093.219638625
8626.456470718
7883.728520598201
6766.906812716
6047.554630416001
0.0
5993.153279835
361.877497644
5749.413029853
0.0
5671.975180101001
5283.344096321999
221.772553468
699.753986571
1467.21166179
2197.2772336
2499.4983932
2499.49842081
2901.6364991210003
3752.38927752
5016.560276574
6189.42817988
6982.90355878
7623.738046065
7902.395735259
8154.556962871
8276.656617159
7917.518798023999
7949.354412428
7871.433041877001
7690.655062810001
7024.803267123
5902.758188809999
5448.239487940001
1887.88233519
2465.37776445
2499.49840231
2679.164537195
3457.352998859
4486.7089087290005
5811.626540657
6643.681558050001
7339.85325203296
7816.061266762801
8072.375031299
8230.333911292
7806.2036931944
7679.843658622
7704.810998393001
7499.647189464486
7282.768734515001
6172.605115154
5453.0862954905
4986.870561821001
800.607597932
493.933994516
4501.553568213
1116.20960582
4697.756944289999
1844.93671175
2445.37418916
2499.4984061
3026.543416129
3898.3828574
4857.391301785
5820.8903337619995
6635.415729169999
7565.807505610999
8254.05608299
8409.47007119
8202.285886262
7022.916358600661
6686.460769142999
6671.001693731
6739.305992195001
6567.120743695999
5590.740613365
1771.38057568
1813.92186074
2499.49838231
2782.702503218
3602.08343082
4473.91149884
5484.998818217
6273.89754867
7113.118671492199
8195.078928922001
8484.08610357
8440.66453596
7465.253006655999
6561.5288258324
6510.413064411
6527.213295194
6569.785557724999
5929.829175114
4877.304672612
4179.6301012290005
1176.29700248
1842.85176227
752.470066381
5202.048913499
2181.50820776
2517.8638536978
3158.679883348
4043.12064716
4821.05327487
5477.719543993
6265.39726301
7405.020228931
8659.61523937
8942.635403229999
8543.40673784
7100.404987844
6025.861982631
5957.528400323999
6142.27032704
6111.6208592117
4271.949359888
1430.48383476
2456.97254311
2898.079685179
3748.07964798
4598.78768312
5193.352592932
5902.801019287
6863.047053988
8287.690220512999
8987.573717289999
8931.602193409999
7687.451269621999
6212.27935956988
5821.418611559
6067.41498021
6122.97978501
5848.905864939099
4757.53970156
655.281955055
1462.24797419
1473.84387526
4594.495923269999
1826.10350634
2516.9311742949003
3296.368511207
4185.31953074
4908.93589603
5187.699139074
5894.543850190001
7200.472523707
8734.48596189
9415.81975474
8862.61997737
7308.76700071
5791.961091409999
5487.4897012745005
6023.3054563900005
6096.00083481
5809.6532973680005
3436.7962275255
4107.74811152
4148.41296411913
3022.746086324
3894.09303478
4714.4051236800005
5006.12680173319
5551.844065362
6606.255494454
8182.16468204
9390.61476713
9353.03104101
7942.6711623599995
6323.225712944
5373.024830058
5839.936432413
6096.54527119
5992.04985922
5166.110360986
4011.13586573
1787.92430986
1270.71819912
1818.06423914
1966.7015390986
1722.60756828
3106.1161672529997
2380.9514790919998
3438.1225100369998
4323.6343142000005
4975.03078325
5004.24197464498
5556.3318510296995
6978.121059925999
8628.19102253
9772.68255306
9143.5792127
7551.995787729999
5931.351721808001
5134.62426147
5782.806576031
6060.12930113
5977.15592768
5195.276607225
3786.34503643
1353.58704321
2828.290574212
4038.88384651
6359.391033019
8013.6903666
9502.03139658
9634.7785549
8202.42918843
6525.712234533999
5176.5863519151
5452.6458130089995
5987.71962551
6045.0908680600005
5730.599863388999
4485.248134941
3559.6554652800005
1898.4595696905
1243.00868619
2644.179845158
4986.47323187
2783.714049866
4998.99688172
4182.5572820569
3343.081168594
2983.962837318
4998.9968322
5059.988335296499
1734.4173345405
4998.9968587
2589.009985204
4544.6894942399995
5527.806436308
3582.19846912
6757.819262462001
8455.12240208
9821.809154370001
9358.86734421
7801.72850625
6143.8837710200005
5087.271202125001
5399.060721638
5944.15855864
6016.84376142
5740.543691679
4508.192109429
4998.99682534
3308.28805956
3494.76536813
4111.33364516224
3251.382475709
7812.54011481
9385.713009109999
9791.56977248
8440.78721135
6757.761289530999
5342.6400832003
5131.1521403219995
5772.995195684
6014.03259101
5925.04740399
5085.137096505
3909.2726642999996
4652.54961788
4499.16625628
5669.078712697999
3849.13073599
4998.99681474
3713.4136804399996
5575.257069854
3230.600429722
6589.349538511
8245.06444418
9648.10050699
9456.97965831
8001.358157289999
6277.377794716001
5222.855180975999
5058.860608687501
5718.965438019
5977.32998242
5907.60599296
4743.838450536
3703.10676396
5438.9111683733
9181.04454042
9679.85625448
8627.60872716
6881.759809156001
5488.288838058
4945.2744852991
5398.968890837999
5907.82660165
5965.78888314
5650.610390119
6615.0950057049995
4162.3059866004
4100.1559920209
7116.484529808
5931.6925648199995
4493.190216238
5352.727718108999
5873.24861337
8043.98915381
9330.14547351
9292.85578686
8030.7314631399995
6290.08335219
5278.347357195001
4843.9830138259995
5347.177268959
4730.07967972
5840.301222
6862.642225886
5550.74957109
4919.181728058
7204.7593251729995
8871.44747536
5841.0004699500005
9109.62927005
5854.38951132
5170.533857574001
5354.84323812
8432.856196159999
7934.672097163
9142.69068308
5203.697504801
8007.87014151
5676.74032722
5906.06889791
9025.939528989999
5405.036999767
5737.954110078001
7458.925475899
4826.762207972
4756.853378584
6119.7812721787
5225.94661296
8912.33892524
5044.676893899999
5975.1445411571995
7530.990589987
4904.4027896161
7145.400040888
4819.233654153
5202.09415565
5736.57049465
8590.605270420001
5267.183166884
4833.491873552
5662.91000918
5668.893493799
5021.6289777
5189.325357786
4868.403398765
5339.650453405
4917.264343169
4889.727657883
5090.409074671999
4922.296247324