571826.669400 3039549.36400 
578000.144400 3070437.56540 
578344.653800 3052793.98380 
579498.578500 3065700.64340 
579769.767100 3075268.36740 
581480.313100 3062030.02310 
582310.514600 3044749.83380 
584385.138200 3074321.95730 
584863.743400 3066439.87350 
585094.774000 3050358.79170 
589423.575700 3053982.80780 
589542.105900 3037777.85530 
593000.518200 3103390.61830 
593981.165500 3040090.00800 
593891.763600 3051737.38270 
593766.848900 3067942.71420 
593641.323300 3084148.37930 
593352.686900 3121118.81610 
597003.851000 3013526.00110 
596748.882900 3045935.58900 
596620.453400 3062140.87910 
596491.394600 3078346.50130 
596361.707400 3094552.45730 
596231.392500 3110758.74770 
600335.511900 3025371.71800 
599322.943100 3147587.39630 
599185.944900 3163794.92820 
600467.077900 3009166.99720 
600176.153800 3132115.96650 
601933.368200 2991691.84200 
603640.908500 2955609.45540 
604294.806600 3086514.97150 
606879.644100 3216351.24530 
607795.490600 3135932.35320 
607363.250600 3183031.37870 
608985.901200 3023071.43080 
609435.211700 2971772.65360 
609673.820500 2955276.38610 
609221.271500 3007160.74090 
609508.912800 2987347.39440 
609896.934800 2942683.46400 
607578.503900 3202007.70290 
608126.176900 3149208.28590 
608566.225500 3105039.18070 
607410.362900 3230145.22180 
609189.503500 3035657.85910 
609045.131300 3051863.30830 
608900.048900 3068069.08640 
608754.257200 3084275.19450 
608460.549900 3116688.40530 
608014.692300 3165310.72580 
612785.590300 2948837.17910 
612641.414500 2965040.98060 
612496.505400 2981245.10400 
612350.863800 2997449.55010 
612204.490600 3013654.32060 
612057.386800 3029859.41630 
611909.553200 3046064.83880 
611760.990900 3062270.58900 
611611.700700 3078476.66790 
611461.683500 3094683.07730 
611310.940300 3110889.81760 
611159.472000 3127096.89050 
611007.279700 3143304.29700 
610854.364200 3159512.03800 
610700.726500 3175720.11510 
610546.367500 3191928.52890 
610391.288200 3208137.28080 
610235.489700 3224346.37200 
617105.784700 2911544.21170 
617002.671200 2975898.83990 
614531.035300 3246128.17430 
617748.353100 2943094.70300 
620972.187300 2924604.76380 
620510.312500 2973216.52400 
620354.783700 2989421.08340 
618427.595300 3183901.22190 
624826.330400 2924389.77090 
625290.758700 2876284.25240 
624989.477400 2908165.91120 
625152.187300 2926030.83860 
625738.499100 2894449.92000 
625307.523100 2938642.55130 
625173.450600 2954777.08580 
625013.065200 2970981.44440 
624851.865900 2987186.12200 
624689.853600 3003391.12010 
624527.029400 3019596.43960 
624363.394300 3035802.08180 
624198.949200 3052008.04800 
624033.695400 3068214.33930 
623867.633700 3084420.95680 
623700.765200 3100627.90170 
623533.090900 3116835.17510 
623364.612000 3133042.77830 
623195.329400 3149250.71220 
623025.244200 3165458.97820 
622854.357500 3181667.57700 
622682.670400 3197876.51010 
622510.183900 3214085.77840 
622336.899100 3230295.38300 
622113.712900 3251064.44260 
628711.992100 2884167.72730 
628551.615100 2900370.81900 
628390.401200 2916574.22360 
628228.351500 2932777.94290 
628065.467000 2948981.97730 
627901.748600 2965186.32880 
627737.197700 2981390.99820 
627571.815000 2997595.98660 
627405.601600 3013801.29560 
627238.558600 3030006.92590 
626562.111000 3094832.68700 
626390.935500 3111039.94260 
626218.936700 3127247.52700 
626046.115800 3143455.44100 
625872.473600 3159663.68560 
625698.011400 3175872.26230 
625522.730300 3192081.17170 
625346.631200 3208290.41540 
625169.715500 3224499.99430 
625144.979500 3250222.17400 
630947.727800 2865177.39770 
632409.073100 2879627.43490 
630528.068600 3067114.12670 
631844.572200 3072724.11160 
632225.696100 3244963.54330 
634696.558500 3070607.39670 
636653.501300 3047822.99940 
634426.690800 3255491.15510 
638064.818800 3056122.31740 
636426.705000 3232273.11670 
640743.762400 2876753.81120 
641157.473800 2890120.34630 
640981.170900 2906324.06210 
640803.950200 2922528.08820 
640625.812900 2938732.42550 
640446.760000 2954937.07530 
640266.792800 2971142.03910 
640085.912300 2987347.31770 
639904.119600 3003552.91250 
639721.416000 3019758.82460 
638606.127100 3117001.02660 
638417.078700 3133209.19250 
638227.128500 3149417.68480 
638036.277900 3165626.50480 
637844.527900 3181835.65340 
637651.879800 3198045.13170 
637458.334800 3214254.94100 
639824.616300 3040654.58760 
639321.876300 3084461.96760 
639381.398000 3100616.90590 
641330.956200 3086139.80880 
644425.850100 2851921.85350 
644069.613800 2884328.38800 
643890.088500 2900532.11630 
643709.626500 2916736.15320 
643528.228900 2932940.50050 
643345.896900 2949145.15890 
643162.631600 2965350.12990 
642978.434300 2981555.41470 
642793.306000 2997761.01420 
641085.450600 3143625.77340 
640695.786000 3176043.72510 
642995.657400 3023362.53460 
642723.801100 3102177.94270 
641422.733000 3243148.88320 
644777.005000 3017018.03950 
643760.992400 3229468.78540 
643875.569900 3235752.04180 
648517.767100 2863051.15410 
646476.875900 3051700.36660 
646736.135800 3039539.59150 
645950.574600 3105989.09210 
646686.277800 3089183.41950 
647327.892200 3036108.62550 
647687.609700 3033815.51990 
647293.655000 3100877.07410 
649251.268300 3035477.31030 
649622.583700 3051029.92960 
647998.729000 3210180.12210 
652349.346400 2860113.65590 
652536.396200 2843910.31100 
648168.155700 3214197.78780 
649420.883100 3130756.35030 
649454.702900 3161040.10860 
650090.492200 3134972.48460 
650890.066400 3072030.89790 
649687.616700 3190422.23080 
650022.320100 3185251.34780 
652688.708100 3023503.69640 
652393.217000 3114335.03350 
654396.095100 3006066.10280 
652015.819600 3202563.19590 
652707.132100 3153957.44810 
655231.534700 2991989.61070 
657035.069400 2846241.78720 
656896.664500 2857888.09610 
656703.212100 2874091.89760 
656508.739800 2890296.00240 
656313.248700 2906500.41150 
656116.740000 2922705.12620 
655919.214900 2938910.14750 
655720.674800 2955115.47680 
655521.120800 2971321.11530 
652663.239100 3207848.96760 
653394.403000 3165687.15010 
652996.432300 3198096.63200 
655090.425500 3089350.62390 
654885.358900 3121103.70260 
656995.181500 3004623.73430 
654992.420400 3200328.52360 
655914.880100 3134013.19770 
657993.447400 2991421.52030 
659822.117700 2852099.18790 
659625.515800 2868303.01930 
659427.874900 2884507.15270 
659229.196300 2900711.58910 
659029.481200 2916916.32970 
658828.730700 2933121.37570 
658626.946300 2949326.72820 
658424.128900 2965532.38860 
660867.651100 2826634.99910 
659038.795400 3136706.20400 
658904.319400 3150095.29160 
659277.977600 3169778.62390 
661909.345100 2986491.76750 
661915.707200 3002918.57140 
664426.100100 2830713.52420 
660055.060900 3184602.71080 
662368.538500 3016563.77630 
663460.788600 3116679.37650 
669561.425300 2987023.62530 
672044.715700 2828267.36640 
672498.035100 2841876.06180 
672286.710600 2858080.34130 
672074.264600 2874284.91770 
671860.698600 2890489.79230 
671646.013900 2906694.96610 
671430.211700 2922900.44050 
671213.293500 2939106.21640 
670995.260600 2955312.29520 
670776.114300 2971518.67810 
670931.930700 2976692.68160 
673926.637000 2838661.60410 
675433.523600 2836090.16000 
675219.103600 2852294.48640 
675003.543100 2868499.10790 
674786.843400 2884704.02620 
674569.006100 2900909.24250 
674350.032300 2917114.75770 
674129.923400 2933320.57340 
673908.680800 2949526.69020 
675646.807200 2819886.12000 
678354.713300 2811709.36810 
680727.882500 2814127.69570 
678784.067800 2971837.95580 
679050.940700 2981020.68200 
679467.264800 2992791.84660 
683535.669400 2975160.56070 
685563.902200 2957952.25960 
686424.559300 2943829.19230 
688072.463000 2830438.17650 
688364.530300 2809676.05400 
687907.753300 2842085.44910 
687677.529400 2858290.58130 
687446.084000 2874496.00490 
687213.418300 2890701.72130 
686979.534000 2906907.73130 
686744.432400 2923114.03640 
691313.000600 2803893.03910 
690850.161800 2836302.55990 
690616.877300 2852507.75440 
690382.352200 2868713.23860 
690146.587600 2884919.01410 
689909.585400 2901125.08200 
689671.346900 2917331.44300 
691356.215900 2803651.53390 
691318.233100 2819746.30630 
691954.016400 2969988.03440 
693133.318800 2938308.31620 
693128.960900 2954760.97470 
698999.393000 2828317.51910 
700182.336300 2954952.09560 
703136.692400 2812474.36300 
703566.126000 2826106.99030 
703318.319800 2842312.76390 
703069.190100 2858518.82180 
702818.738700 2874725.16520 
702566.966900 2890931.79530 
702313.876500 2907138.71310 
702059.468900 2923345.92000 
701731.586700 2944111.83820 
706279.468400 2789086.54200 
704162.138800 2943595.73580 
706767.944900 2804121.43780 
706518.476300 2820327.00930 
706267.663500 2836532.86210 
706015.508000 2852738.99810 
705762.011600 2868945.41760 
705507.175600 2885152.12240 
705251.002000 2901359.11340 
704993.492100 2917566.39160 
708379.603200 2938496.12040 
715774.795700 2951184.99930 
719525.382000 2793938.50630 
719261.615900 2810144.73250 
718996.422700 2826351.23420 
718729.804100 2842558.01290 
718461.761700 2858765.06930 
718192.297200 2874972.40490 
717921.412300 2891180.02070 
717649.108700 2907387.91780 
717375.388100 2923596.09750 
717022.615400 2944363.25260 
717542.608600 2945781.74830 
721955.689000 2820574.19960 
721686.098500 2836781.07340 
721415.065000 2852988.22380 
721142.590200 2869195.65130 
720868.675700 2885403.35750 
720593.323500 2901611.34350 
720316.535000 2917819.61000 
723871.624100 2802137.44040 
722772.036300 2937765.27720 
725718.800000 2784168.27590 
732016.390500 2941143.04060 
734994.012100 2794198.44050 
734711.627200 2810405.75870 
734427.714500 2826613.34570 
734142.276000 2842821.20270 
733855.313300 2859029.33070 
733566.828200 2875237.73090 
733276.822600 2891446.40450 
732985.298300 2907655.35250 
732692.257100 2923864.57600 
734341.248700 2949289.25190 
737966.026600 2788424.09900 
737680.743000 2804631.53210 
737393.912500 2820839.23230 
737105.536700 2837047.20060 
736815.617500 2853255.43850 
736524.156700 2869463.94660 
736231.156000 2885672.72650 
735936.617500 2901881.77910 
735640.542900 2918091.10520 
735364.887800 2934336.81100 
743209.890800 2942589.61610 
748538.541100 2771537.53130 
750030.415300 2780423.67330 
750463.723100 2794476.10150 
750162.711400 2810684.58600 
749860.071300 2826893.33210 
749555.804800 2843102.34090 
749249.913700 2859311.61340 
748942.400000 2875521.15080 
748633.265700 2891730.95410 
748322.512500 2907941.02440 
748010.142600 2924151.36280 
747607.600200 2944921.27940 
752238.704100 2775018.04940 
753372.701700 2788809.60680 
753138.740200 2804913.23920 
752833.216900 2821122.11490 
752526.047700 2837331.25120 
752217.234600 2853540.64990 
751906.779600 2869750.31120 
751594.684600 2885960.23690 
751280.951700 2902170.42780 
750965.582600 2918380.88470 
753107.133100 2938023.13540 
757856.207100 2784098.30380 
758140.383400 2782401.22380 
760449.897700 2775723.89440 
762687.498700 2927189.59490 
762901.596500 2945227.86990 
765614.939400 2810981.22230 
765293.563300 2827191.20130 
764970.460300 2843401.43540 
764645.632200 2859611.92530 
764319.081300 2875822.67230 
763990.809500 2892033.67740 
763660.818900 2908244.94150 
766270.734900 2799580.71620 
763339.220000 2946448.75890 
765562.064800 2934231.68660 
768167.750800 2811640.01340 
767947.701300 2837633.23330 
767619.985700 2853843.86570 
767290.527800 2870054.75300 
766959.329700 2886265.89670 
766626.393600 2902477.29760 
771978.803700 2801087.05980 
771160.844300 2924643.37640 
773583.766300 2815542.03580 
775763.087500 2947956.69180 
779098.431700 2821663.49750 
779564.150900 2816613.36470 
780237.808200 2828881.33360 
777931.040700 2941103.41750 
778504.543800 2925166.06210 
780386.312000 2843718.49450 
780042.537800 2859930.27480 
779696.940500 2876142.30390 
779349.522100 2892354.58280 
779000.284900 2908567.11240 
782554.594400 2823626.16730 
783023.940100 2854165.09470 
782675.470100 2870377.28060 
782325.159600 2886589.71440 
781973.011000 2902802.39700 
781619.026400 2919015.32930 
781762.177500 2936023.83960 
787060.779500 2833524.77010 
793652.952400 2929014.40530 
796254.388900 2819046.83450 
796164.233500 2827840.62230 
795803.429500 2844053.52720 
795440.699600 2860266.67090 
795076.046200 2876480.05460 
794709.471600 2892693.67930 
794340.977900 2908907.54580 
793493.182100 2945896.35000 
795743.012600 2945475.43750 
798794.715800 2838291.02630 
798429.166900 2854504.34580 
798061.675100 2870717.90290 
797692.242400 2886931.69910 
797320.871600 2903145.73520 
796947.564700 2919360.01190 
799992.326900 2940120.43540 
802586.004200 2829713.93930 
810764.435900 2821081.46900 
811601.552100 2828192.19250 
811221.882600 2844406.54290 
810840.186800 2860621.12290 
810456.467100 2876835.93380 
810070.725900 2893050.97630 
809682.965700 2909266.25140 
809183.200800 2930042.42450 
808790.843800 2946258.23380 
813835.735700 2854861.62840 
813449.211600 2871076.62950 
813060.646500 2887291.86030 
812670.043100 2903507.32160 
812277.403500 2919723.01420 
811882.730300 2935938.93920 
817546.953700 2834594.64960 
816685.903300 2958460.83430 
823833.113200 2943096.38140 
827040.286300 2828561.68210 
826641.740700 2844777.55150 
826241.068300 2860993.64100 
825838.271500 2877209.95140 
825433.353000 2893426.48390 
825026.315400 2909643.23900 
824617.161100 2925860.21800 
824811.980300 2962867.28100 
829647.138700 2839020.65370 
829243.715400 2855236.95280 
828838.148300 2871453.47040 
828430.439900 2887670.20800 
828020.592900 2903887.16620 
827608.609800 2920104.34580 
827194.493100 2936321.74800 
826778.254800 2952539.38870 
829437.132300 2956253.84300 
835611.415800 2816765.97540 
838293.683800 2753000.87400 
839513.476800 2766247.98940 
843946.208700 2750870.41120 
843688.740500 2765279.28300 
843719.407800 2780297.98640 
842363.322100 2833510.23270 
842779.156400 2817292.93250 
843308.680100 2796514.80440 
842063.073600 2845166.56360 
841643.413200 2861384.23540 
841221.528100 2877602.11800 
840797.421000 2893820.21240 
840371.094600 2910038.51920 
839942.551500 2926257.03950 
839390.245300 2947037.34230 
838956.655700 2963256.35250 
847153.681500 2758326.03670 
846742.565500 2774542.90540 
846329.192100 2790759.97810 
845913.563600 2806977.25610 
845495.683000 2823194.74010 
845075.552800 2839412.43070 
844653.175600 2855630.32940 
844228.554100 2871848.43630 
843801.690900 2888066.75290 
843372.588900 2904285.27980 
842941.250800 2920504.01760 
842507.679100 2936722.96770 
842071.876800 2952942.13030 
841633.855000 2969161.52110 
848856.669600 2732816.44260 
842520.153500 3062167.48130 
842996.486500 3045925.97620 
852281.808000 2736800.22820 
855446.333500 2750423.97070 
850913.402600 3059048.95420 
851565.613400 3043535.11790 
853009.885200 2992777.62200 
852580.123000 3008912.39170 
851134.146900 3072662.70130 
854366.599100 2959113.11690 
860491.236500 2732043.83520 
860068.929300 2748261.78430 
859644.277700 2764479.92790 
859217.284600 2780698.26660 
858787.952700 2796916.80120 
858356.284600 2813135.53290 
857922.283000 2829354.46210 
857485.950800 2845573.59000 
857047.290700 2861792.91710 
856606.305500 2878012.44440 
856162.997900 2894232.17280 
855717.370900 2910452.10290 
855269.427100 2926672.23570 
854819.169500 2942892.57180 
853783.374300 2979895.98970 
852533.274200 3023997.33130 
852067.062900 3062682.34920 
861997.888300 2724007.18420 
854058.710700 3036066.78270 
862676.975000 2758727.28060 
862247.397400 2774945.87510 
861815.461200 2791164.66300 
861381.169000 2807383.64560 
860944.524000 2823602.82370 
860505.528500 2839822.19780 
860064.185400 2856041.76920 
859620.497500 2872261.53820 
859174.467700 2888481.50600 
858726.098800 2904701.67330 
858275.393700 2920922.04070 
857822.355000 2937142.60950 
857366.985900 2953363.37970 
856909.289000 2969584.35290 
856449.267500 2985805.52940 
855522.261800 3018248.49570 
855055.283600 3034470.28690 
854585.992300 3050692.28470 
854114.391100 3066914.48980 
855901.095800 3086424.68570 
868187.778600 2736901.78030 
858945.424700 3072976.26690 
869150.256200 2736139.90030 
865098.459700 2961700.95190 
863683.943500 3010367.33870 
863207.695800 3026589.86520 
861764.768300 3075258.64840 
865856.810200 3076717.70660 
865425.739600 3093151.80260 
864583.573200 3121860.89720 
865298.281900 3105558.64070 
874716.817200 2781116.29480 
874268.876200 2797336.60200 
873818.498100 2813557.09510 
873365.685800 2829777.77490 
872910.442100 2845998.64220 
872452.769900 2862219.69770 
871992.672200 2878440.94230 
871530.151800 2894662.37670 
871065.211700 2910884.00170 
870597.854800 2927105.81800 
870128.084100 2943327.82640 
869655.902600 2959550.02760 
869181.313300 2975772.42250 
868704.319200 2991995.01160 
868224.923300 3008217.79590 
867743.128800 3024440.77590 
867258.938500 3040663.95240 
866772.355700 3056887.32630 
866197.800900 3077835.88450 
875895.228200 2753227.30850 
876173.581100 2764888.16620 
876850.430700 2807807.88900 
876395.008700 2824028.83530 
875937.135600 2840249.96650 
875476.814200 2856471.28390 
875014.047600 2872692.78760 
874548.838500 2888914.47890 
874081.190300 2905136.35840 
873611.105600 2921358.42670 
873138.587400 2937580.68480 
872663.638900 2953803.13320 
872186.262800 2970025.77280 
871706.462600 2986248.60440 
871224.241000 3002471.62840 
870739.601100 3018694.84600 
870252.546100 3034918.25740 
869763.078800 3051141.86380 
869271.202900 3067365.66570 
868776.921000 3083589.66360 
868280.236400 3099813.85860 
867781.152200 3116038.25100 
867279.671700 3132262.84190 
880216.815000 2742256.55970 
880224.629600 2774586.82010 
881865.498300 2754813.52890 
871294.678100 3120806.20910 
881763.446700 2766543.67480 
883968.769300 2737134.83260 
873668.705000 3106412.65880 
884335.759500 2768608.91340 
885637.883500 2736249.30690 
873794.874400 3156439.66630 
875897.484800 3108170.60560 
887128.672700 2790319.80890 
889659.940400 2754403.42440 
889072.080100 2781978.90580 
879230.323900 3124136.13870 
889630.296500 2798086.64360 
889282.421200 2813996.54770 
888810.785200 2830219.05190 
888336.617200 2846441.73230 
887859.920100 2862664.58920 
887380.696900 2878887.62350 
886898.950700 2895110.83610 
886414.684600 2911334.22750 
885927.901600 2927557.79850 
885438.604900 2943781.54970 
884946.797400 2960005.48200 
884452.482500 2976229.59600 
883955.663200 2992453.89240 
883456.342700 3008678.37190 
882954.524100 3024903.03520 
882450.210700 3041127.88280 
881943.405600 3057352.91580 
881434.112200 3073578.13440 
880922.333600 3089803.53960 
880408.073000 3106029.13190 
880619.118500 3111647.60970 
891847.207800 2824472.78700 
891370.444100 2840695.74890 
890891.131400 2856918.88550 
890409.273000 2873142.19670 
889924.871800 2889365.68370 
889437.931100 2905589.34720 
888948.453800 2921813.18750 
888456.443000 2938037.20600 
887961.901900 2954261.40270 
887464.833600 2970485.77870 
886965.241400 2986710.33470 
886463.128400 3002935.07100 
885958.497700 3019159.98880 
885451.352600 3035385.08830 
884941.696200 3051610.37060 
884429.532100 3067835.83620 
883914.863300 3084061.48550 
883397.693000 3100287.31960 
882878.024700 3116513.33870 
881831.207000 3148965.93570 
896435.679200 2787717.57850 
885807.574400 3137457.97340 
897274.120400 2802759.40190 
886513.194600 3154952.49230 
900806.042100 2784329.72180 
889939.582300 3141109.00650 
893003.636800 3156933.24480 
904760.657000 2803270.07500 
904586.079400 2814872.73100 
904257.651400 2830678.30580 
903764.545600 2846902.87260 
903268.810100 2863127.60390 
902770.448100 2879352.50060 
902269.462700 2895577.56340 
901765.857000 2911802.79280 
901259.634400 2928028.18970 
900750.798000 2944253.75450 
900239.351100 2960479.48790 
899725.296900 2976705.39080 
899208.638800 2992931.46350 
898689.379900 3009157.70700 
898167.523700 3025384.12160 
897643.073500 3041610.70810 
897116.032500 3057837.46730 
896586.404100 3074064.39950 
896054.191800 3090291.50570 
895519.398900 3106518.78610 
894982.028900 3122746.24150 
894442.085100 3138973.87270 
906805.523600 2841159.55770 
906307.206300 2857384.58660 
905806.242600 2873609.77790 
905302.635600 2889835.13300 
904796.388800 2906060.65220 
904287.505300 2922286.33600 
903775.988200 2938512.18550 
903261.840900 2954738.20090 
902745.066600 2970964.38320 
902225.668800 2987190.73280 
901703.650600 3003417.25030 
901179.015300 3019643.93680 
900651.766400 3035870.79230 
900121.907100 3052097.81780 
899589.441100 3068325.01390 
899054.371400 3084552.38100 
898516.701600 3100779.92020 
897976.435200 3117007.63140 
897433.575400 3133235.51580 
897911.176300 3151101.45390 
911408.389900 2820996.66660 
913004.760900 2815065.50350 
907537.108800 3150364.49630 
919321.730800 2832179.51270 
909229.670400 3143638.84140 
919194.297100 2847382.07610 
918679.509300 2863608.75500 
918161.994400 2879835.58660 
917641.755700 2896062.57180 
917118.796500 2912289.71080 
916593.120200 2928517.00460 
916064.730100 2944744.45360 
915533.629600 2960972.05830 
914999.822000 2977199.81970 
914463.310900 2993427.73800 
913924.099500 3009655.81410 
913382.191400 3025884.04830 
912837.590100 3042112.44140 
912290.298900 3058340.99400 
911740.321400 3074569.70660 
911187.661100 3090798.57980 
910632.321500 3107027.61410 
910074.306300 3123256.81010 
919744.795400 2846083.73150 
920839.739700 2847651.31100 
921205.025000 2874095.54460 
920682.198200 2890322.83990 
920156.631300 2906550.28670 
919628.327300 2922777.88520 
919097.289800 2939005.63660 
918563.522100 2955233.54100 
918027.027500 2971461.59930 
917487.809800 2987689.81210 
916945.872100 3003918.17970 
916401.218000 3020146.70310 
915853.850900 3036375.38240 
915303.774300 3052604.21860 
914750.992000 3068833.21220 
914195.507100 3085062.36340 
913637.323400 3101291.67340 
913076.444400 3117521.14210 
913727.073100 3135670.64030 
914396.349200 3153558.12830 
925961.414500 2837267.38810 
927181.087500 2851977.28730 
934534.776200 2833363.86690 
924787.638000 3127624.42550 
934092.086800 2864108.05600 
933555.404500 2880336.89510 
933015.898000 2896565.87470 
932473.570700 2912794.99500 
931928.426100 2929024.25690 
931380.467600 2945253.66060 
930829.698800 2961483.20690 
930276.123100 2977712.89650 
929719.744300 2993942.72950 
929160.565700 3010172.70690 
928598.590900 3026402.82900 
928033.823600 3042633.09630 
927466.267400 3058863.50950 
926895.926000 3075094.06910 
926322.802800 3091324.77560 
925746.901700 3107555.62940 
924422.749600 3144582.82980 
935003.402200 2847754.12580 
936605.689200 2874599.51020 
936063.627900 2890828.81810 
935518.726100 2907058.26420 
934970.987100 2923287.84880 
934420.414300 2939517.57290 
933867.011500 2955747.43660 
933310.781900 2971977.44090 
932751.729500 2988207.58610 
932189.857500 3004437.87260 
931625.169600 3020668.30140 
931057.669500 3036898.87240 
930487.360700 3053129.58670 
929914.247100 3069360.44450 
929338.332100 3085591.44630 
928759.619500 3101822.59300 
928178.112900 3118053.88450 
927593.816100 3134285.32190 
943160.298600 2836247.16380 
944186.730000 2853763.93540 
949115.179200 2856881.74090 
939650.997000 3140595.59870 
949506.611800 2864625.52080 
948950.747000 2880856.44010 
948391.957600 2897087.48620 
947830.247000 2913318.65940 
947265.618900 2929549.96050 
946698.076900 2945781.38980 
946127.624600 2962012.94780 
945554.265600 2978244.63510 
944978.003800 2994476.45220 
944398.842600 3010708.39950 
943816.785900 3026940.47760 
943231.837400 3043172.68690 
942644.000800 3059405.02800 
942053.279900 3075637.50120 
941459.678600 3091870.10720 
940863.200500 3108102.84620 
940263.849500 3124335.71900 
938885.848000 3161367.47310 
939437.877000 3147692.71160 
940300.980000 3147415.56640 
951446.993100 2891353.08170 
950882.741200 2907584.59890 
950315.551800 2923816.24090 
949745.428600 2940048.00860 
949172.375200 2956279.90200 
948596.395300 2972511.92210 
948017.492800 2988744.06910 
947435.671100 3004976.34340 
946850.934100 3021208.74590 
946263.285500 3037441.27650 
945672.729000 3053673.93620 
945079.268700 3069906.72520 
944482.908000 3086139.64390 
943883.651000 3102372.69320 
943281.501300 3118605.87290 
942676.462900 3134839.18410 
942068.539900 3151072.62700 
952913.788100 2865777.02410 
954828.028700 2856025.60350 
957570.043000 2869166.51260 
962781.242100 2875474.46830 
963344.936000 2870466.06960 
952826.375700 3175440.50760 
964116.114400 2881992.75980 
963770.002700 2897627.42090 
963188.893200 2913860.71870 
962604.765900 2930094.13020 
962017.624600 2946327.65560 
961427.473000 2962561.29540 
960834.315000 2978795.05030 
960238.154300 2995028.92050 
959638.994700 3011262.90660 
959036.840200 3027497.00880 
958431.694500 3043731.22780 
957823.561700 3059965.56390 
957212.445500 3076200.01750 
956598.349900 3092434.58920 
955981.278800 3108669.27920 
955361.236200 3124904.08800 
954738.226200 3141139.01620 
953935.663700 3161940.20330 
965441.090400 2863945.44780 
955485.289000 3183428.74380 
966248.744300 2908129.30560 
963883.933400 2973065.05760 
963285.164900 2989299.27580 
962683.377600 3005533.60690 
962078.575500 3021768.05140 
961470.762400 3038002.60950 
960859.942200 3054237.28190 
960246.119100 3070472.06910 
959629.296700 3086706.97100 
959009.479100 3102941.98880 
958386.670300 3119177.12220 
957760.874200 3135412.37190 
957132.095100 3151647.73840 
956500.336700 3167883.22190 
971069.074600 2877376.19200 
972875.615400 2866027.14030 
973644.365300 2887184.43330 
972358.537700 2929425.08240 
962998.910200 3188622.37520 
973354.655700 2932772.62710 
964655.812200 3160073.13310 
964227.931800 3176462.82440 
975158.596300 2891404.06170 
974981.977200 2939666.42630 
974406.487900 2955946.74240 
977563.515100 2877202.16680 
975271.534500 2950552.54440 
977773.878800 2887335.82950 
977168.581400 2916421.10410 
975776.533000 2965888.77390 
968249.475700 3173711.66790 
976116.336300 2979364.15720 
975500.260400 2995600.14970 
974881.086100 3011836.24320 
974258.817300 3028072.43790 
973633.458100 3044308.73420 
973005.012400 3060545.13260 
972373.484400 3076781.63330 
971738.878000 3093018.23680 
971101.197500 3109254.94350 
970460.446800 3125491.75360 
969816.630100 3141728.66770 
969169.751500 3157965.68600 
977625.938100 2944254.72140 
968577.533000 3179521.89300 
979564.495600 2898049.83910 
969402.103500 3163786.57430 
969121.842100 3181016.12570 
978554.810600 2989873.22140 
977933.041200 3006109.67790 
977308.157400 3022346.23300 
976680.163400 3038582.88650 
976049.062900 3054819.63920 
975414.860400 3071056.49120 
974777.559700 3087293.44290 
974137.165000 3103530.49500 
973493.680300 3119767.64720 
972847.109800 3136004.90050 
972197.457800 3152242.25510 
971878.750000 3169051.61350 
981657.641400 2918168.43880 
982165.348600 2914806.73120 
983144.848600 2969039.12830 
987336.885400 2903152.08830 
985835.768900 2951079.46010 
988551.903100 2901627.18950 
990446.132600 2969015.90400 
982142.269300 3188455.80780 
991286.461700 2980240.15920 
990764.387100 2996190.15550 
990125.181000 3012428.42510 
989482.781000 3028666.78040 
988837.191200 3044905.22170 
988188.415800 3061143.74960 
987536.458900 3077382.36410 
986881.324700 3093621.06570 
986223.017500 3109859.85470 
985561.541600 3126098.73130 
984896.901100 3142337.69600 
984040.712200 3163144.00910 
983368.868700 3179383.17570 
994570.304000 2967707.86120 
993184.726400 3006704.57270 
992539.744000 3022943.30670 
991891.551800 3039182.12340 
991240.154000 3055421.02360 
990585.555000 3071660.00760 
989927.758700 3087899.07530 
989266.769600 3104138.22750 
988602.591900 3120377.46410 
987935.229800 3136616.78580 
987264.687700 3152856.19260 
994583.288800 2981014.33610 
990773.583800 3174688.35220 
993608.206700 3177193.63570 
1001912.93200 2987127.60250 
997780.871400 3143839.39250 
997497.276000 3173845.61850 
997988.536000 3163255.04420 
1000111.10760 3126920.56540 
1005936.55160 2997035.65550 
1005371.34390 3013039.46840 
1004708.79510 3029280.05250 
1004042.95720 3045520.70660 
1003373.83430 3061761.43120 
1002701.43090 3078002.22620 
1002025.75130 3094243.09210 
1001346.79990 3110484.02910 
1000447.52820 3172454.07050 
1001753.25540 3154371.84460 
1006433.27820 3056041.45160 
1005758.26500 3072282.63430 
1005079.95550 3088523.88440 
1010383.50260 2989363.40570 
1009176.45270 3037150.35950 
1005852.56800 3129080.58530 
1010038.41040 3031871.71240 
1006039.66310 3130215.85940 
1007765.55150 3109465.07640 
1008186.52200 3115052.93790 
1012932.99990 3002657.56120 
1014154.22600 2997509.96220 
1014796.05650 3022455.42640 
1011428.48850 3112850.42090 
1017979.12490 2999068.00440 
1013680.80740 3126709.28720 
1012936.15440 3144451.65730 
1018507.37910 3018572.75970 
1012026.09720 3170406.76720 
1012846.89380 3164298.00050 
1017982.33650 3050029.84080 
1016295.19530 3096807.98770 
1013002.07600 3179136.91080 
1018320.13220 3063016.47490 
1017868.46270 3078641.23630 
1020161.92760 3029837.96890 
1020613.92130 3082540.11270 
1023031.26100 3064257.23220 
1023674.27030 3049252.20320 
1021607.72250 3108555.55130 
1025280.37970 3052396.31850 
1023840.56150 3094136.65270 
1024826.09270 3078193.59750 
1025601.82950 3067717.09800 
1027508.92960 3034803.57640 
1024808.98650 3179441.45610 
1030990.29380 3094695.43980 
1032746.06150 3068215.24110 
1028891.80660 3174339.72370 
1033590.45110 3081395.46960 
1036136.31440 3077042.79920 
1046539.24070 3091295.29920 
1047650.51550 3072658.59860 
1047664.78650 3083347.63810 
1049061.07360 3084602.73990 
1054266.56260 3077512.86240 
1063042.48870 3087900.17320 
